P
[       -0.577350269,       -0.577350269]       ,
[       0.5773502692,       -0.577350269]       ,
[       -0.577350269,       0.5773502692]       ,
[       0.5773502692,       0.5773502692]       ,
[       -0.774596669,       -0.774596669]       ,
[       0.0000000000,       -0.774596669]       ,
[       0.7745966692,       -0.774596669]       ,
[       -0.774596669,       0.0000000000]       ,
[       0.0000000000,       0.0000000000]       ,
[       0.7745966692,       0.0000000000]       ,
[       -0.774596669,       0.7745966692]       ,
[       0.0000000000,       0.7745966692]       ,
[       0.7745966692,       0.7745966692]       ,
[       -0.861136311,       -0.861136311]       ,
[       -0.339981043,       -0.861136311]       ,
[       0.3399810436,       -0.861136311]       ,
[       0.8611363116,       -0.861136311]       ,
[       -0.861136311,       -0.339981043]       ,
[       -0.339981043,       -0.339981043]       ,
[       0.3399810436,       -0.339981043]       ,
[       0.8611363116,       -0.339981043]       ,
[       -0.861136311,       0.3399810436]       ,
[       -0.339981043,       0.3399810436]       ,
[       0.3399810436,       0.3399810436]       ,
[       0.8611363116,       0.3399810436]       ,
[       -0.861136311,       0.8611363116]       ,
[       -0.339981043,       0.8611363116]       ,
[       0.3399810436,       0.8611363116]       ,
[       0.8611363116,       0.8611363116]


W
[                  1,                  1]       ,
[                  1,                  1]       ,
[                  1,                  1]       ,
[                  1,                  1]       ,
[       0.5555555556,       0.5555555556]       ,
[       0.8888888889,       0.5555555556]       ,
[       0.5555555556,       0.5555555556]       ,
[       0.5555555556,       0.8888888889]       ,
[       0.8888888889,       0.8888888889]       ,
[       0.5555555556,       0.8888888889]       ,
[       0.5555555556,       0.5555555556]       ,
[       0.8888888889,       0.5555555556]       ,
[       0.5555555556,       0.5555555556]       ,
[       0.3478548451,       0.3478548451]       ,
[       0.6521451549,       0.3478548451]       ,
[       0.6521451549,       0.3478548451]       ,
[       0.3478548451,       0.3478548451]       ,
[       0.3478548451,       0.6521451549]       ,
[       0.6521451549,       0.6521451549]       ,
[       0.6521451549,       0.6521451549]       ,
[       0.3478548451,       0.6521451549]       ,
[       0.3478548451,       0.6521451549]       ,
[       0.6521451549,       0.6521451549]       ,
[       0.6521451549,       0.6521451549]       ,
[       0.3478548451,       0.6521451549]       ,
[       0.3478548451,       0.3478548451]       ,
[       0.6521451549,       0.3478548451]       ,
[       0.6521451549,       0.3478548451]       ,
[       0.3478548451,       0.3478548451]
